90 73
31 1 17 
70 1 73 
26 1 73 
14 1 17 
64 1 42 
74 1 49 
50 2 47 74 
44 1 49 
65 4 14 26 31 44 
36 4 17 64 65 70 
46 4 50 61 64 74 
84 4 47 65 70 73 
2 2 17 46 
33 4 11 14 49 84 
55 5 11 26 33 36 70 
39 3 14 33 47 
13 2 11 84 
34 5 2 11 17 31 70 
60 4 13 55 73 84 
71 9 17 26 33 34 36 46 49 65 73 
1 3 31 50 71 
80 5 17 46 55 71 84 
38 5 13 17 47 74 84 
72 6 11 14 33 60 61 65 
87 3 2 42 60 
18 4 44 65 71 84 
24 7 2 13 14 17 60 65 73 
3 2 47 73 
81 2 2 39 
10 6 13 17 26 31 74 80 
30 5 44 61 64 74 87 
6 5 14 31 39 73 84 
21 10 13 24 34 38 39 46 65 72 73 74 
8 9 2 30 38 49 55 60 65 70 84 
77 4 42 65 70 84 
40 11 1 8 21 24 30 38 39 49 61 70 84 
75 10 2 8 13 33 38 39 64 73 77 80 
9 10 6 13 30 34 38 39 50 65 77 87 
45 3 14 46 55 
22 4 11 26 31 81 
12 10 1 11 17 18 24 26 45 55 72 87 
41 9 2 14 30 38 40 50 64 71 80 
56 6 6 9 41 44 50 70 
67 10 1 6 13 21 41 42 46 50 64 81 
53 7 11 39 44 47 55 81 84 
54 15 11 12 14 17 21 26 33 42 60 61 64 67 72 73 80 
25 10 6 10 13 24 31 33 42 45 53 64 
76 8 2 12 13 22 30 36 54 80 
19 12 3 17 24 31 44 46 56 60 65 72 75 77 
66 7 10 19 36 40 44 60 81 
63 10 6 12 21 25 34 36 42 44 74 77 
28 10 2 8 13 14 38 42 49 50 73 76 
78 12 12 22 25 26 44 53 54 55 72 74 77 87 
89 8 9 10 14 26 30 64 70 71 
79 7 33 42 45 50 63 66 74 
86 14 8 9 12 22 28 31 34 38 42 46 60 61 65 81 
88 11 17 18 31 45 49 70 72 74 76 80 81 
57 9 3 18 26 38 44 46 70 73 84 
37 12 1 2 22 39 45 49 54 60 65 71 75 87 
23 14 2 8 17 19 26 45 46 50 55 66 71 74 75 78 
58 10 24 36 45 54 67 74 76 78 80 84 
51 7 6 33 41 47 67 81 84 
83 14 1 8 10 12 17 34 40 47 49 53 56 65 78 86 
82 8 14 33 39 40 41 44 50 76 
32 16 11 17 19 25 39 46 50 54 57 58 64 65 70 81 82 83 
62 17 1 10 11 13 23 25 30 34 50 53 57 67 70 73 80 83 88 
15 16 3 13 17 21 30 31 34 42 45 47 56 58 63 70 71 88 
7 17 2 9 12 23 26 32 33 37 40 46 49 60 73 80 82 84 87 
69 9 11 15 33 38 42 44 53 58 60 
27 13 11 23 38 46 54 56 67 71 72 75 77 80 82 
35 8 26 49 61 64 71 72 80 82 
52 8 31 37 42 44 61 73 78 83 
5 17 7 17 22 30 37 41 45 49 50 54 55 58 61 62 75 77 80